# solution IDs are scoped to this hipBLASLt version and device architecture
STRATA_HIPBLASLT_TUNING_V1 gfx1103 100401
f16 10240 2560 10240 8192 5992
f16 320 10240 320 8192 5992
f16 2560 320 2560 8192 5992
bf16 320 10240 320 8192 5387
bf16 2560 320 2560 8192 5387
bf16 48 2560 96 4096 5387
bf16 48 2560 96 37 5388
f16 512 2560 512 4096 5992
f16 512 2560 512 37 5992
bf16 10240 2560 10240 512 5387
bf16 6144 2560 6144 512 5387
bf16 2560 6144 2560 512 5387
bf16 512 2560 512 512 5387
bf16 128 2560 128 512 5386
bf16 10240 320 10240 512 5387
