# solution IDs are scoped to this hipBLASLt version and device architecture
STRATA_HIPBLASLT_TUNING_V1 gfx1103 100400
f16 10240 2560 10240 8192 5156
f16 320 10240 320 8192 5156
f16 2560 320 2560 8192 5156
bf16 320 10240 320 8192 4551
bf16 2560 320 2560 8192 4551
bf16 48 2560 96 4096 4551
bf16 48 2560 96 37 4552
f16 512 2560 512 4096 5156
f16 512 2560 512 37 5156
bf16 10240 2560 10240 512 4551
bf16 6144 2560 6144 512 4551
bf16 2560 6144 2560 512 4551
bf16 512 2560 512 512 4551
bf16 128 2560 128 512 4550
bf16 10240 320 10240 512 4551
